prednames
term0,term1,term2,term3,term4,term5,term6,term0,term1,term2,term3,term4,term5,term6,term0,term1,term2,term3,term4,term5,term6
covarnames
1,1,1,1,1,1,1,loggdppc,loggdppc,loggdppc,loggdppc,loggdppc,loggdppc,loggdppc,tmean,tmean,tmean,tmean,tmean,tmean,tmean
gamma
-309.739565320386,1.1352493196864,-0.877668839640331,-1.06109758514154,0.19284961019111,861.278802224633,-85848.5721488757,40.9679533864736,-0.166267357239128,0.181300080460017,0.0703765748098064,-0.0201646472105772,-67.531081874877,-11753.8170188395,-5.33815732433195,0.0275424855960761,-0.0514239140719639,0.0202955940473866,0.00107042963885173,-13.2398381091066,10175.3450737986
gammavcv
553219.463181153,-33.0366712197395,164.802672316562,10.2150724512863,3.36547455770951,5209.21011153588,-1392281.31878822,-49583.9879611527,2.28328275251961,-14.7794480361821,-1.01570412124183,-0.31106537302918,-495.160420126578,-96426.0724543853,-5589.99954017703,0.443466636482879,-1.91166599224877,0.15935648497567,-0.0164865143273323,-55.621940552834,29729.8254314162
-33.0366712197395,16.2394271794697,-0.990330330187912,-0.372492884772585,0.0131442592275375,-10.2442000365634,-347.113013193093,3.86535775084106,-1.46252743826377,0.0830363586228046,0.029679556558362,-0.00103225569156037,1.22168464720219,-1410.62320041824,-0.335767223268478,-0.161302233083489,0.0128849000654736,0.00529315030717347,-0.000122025887864023,0.0141378217039408,-185.835901234557
164.802672316562,-0.990330330187912,42.5174249802323,-0.965076117816841,0.00910760270451702,28.4027462202233,15382.5945801067,-14.3189572517518,0.0979534953455098,-3.80883049170558,0.0908923999655637,-0.000936390340517813,-2.56843140313629,47.4739500063551,-1.93608167243075,0.00690975224444322,-0.431959201035553,0.00533446497596634,-4.12403750054025e-05,-0.365901776027492,-1249.34946638682
10.2150724512863,-0.372492884772585,-0.965076117816841,7.29939531355366,-0.00461751341831629,-25.2894739064297,-6048.04122059467,-1.16554561884914,0.0269747053841776,0.0848403329911509,-0.655423548865862,0.000380002244467787,2.10637798763762,1023.24228162723,-0.509554950667894,0.00816462996274652,0.0122575826531274,-0.0723547805253456,0.000108174401139452,0.261959217617609,28.3342191466679
3.36547455770951,0.0131442592275375,0.00910760270451702,-0.00461751341831629,0.0111035015257529,0.460136797589788,55.2647565477012,-0.415013235571257,-0.00141991610097227,-0.000218369410212975,0.000497923234168817,-0.00100111735019939,-0.0635498120274006,-16.0389258674877,0.0195230582894653,-1.01821316343628e-05,-0.000551060392369636,1.02208701883005e-05,-0.000105501888769996,0.00856387319689028,-5.44589083166983
5209.21011153588,-10.2442000365634,28.4027462202233,-25.2894739064297,0.460136797589788,68489.3596722473,-188130.374898328,-441.656693791287,0.501829839243097,-3.52176838730102,2.41989487766122,-0.0544721721852529,-6093.32660854539,-122209.829154438,-111.397334198494,0.139118746269819,0.290174031627226,0.0828513762623287,0.00766869891920965,-717.93989134603,59826.084434154
-1392281.31878822,-347.113013193093,15382.5945801067,-6048.04122059467,55.2647565477012,-188130.374898328,6480957207.471,138044.995240767,-1.332488365203,-993.818004443621,568.218350248626,2.39526619815335,16911.9912088597,-562632227.52092,-3746.38017948317,4.12316419146245,-312.941004189519,31.0604875428929,-4.35267208283087,4082.06949602634,-85668234.3586909
-49583.9879611527,3.86535775084106,-14.3189572517518,-1.16554561884914,-0.415013235571257,-441.656693791287,138044.995240767,4637.22456393282,-0.253332960669572,1.33773673957648,0.114737748787073,0.0379880280915477,42.69752931049,14559.3413050685,392.511738101573,-0.0598607932571174,0.143235329251375,-0.0143047134875162,0.00251483909450152,4.51798947801387,-6010.70545155902
2.28328275251961,-1.46252743826377,0.0979534953455098,0.0269747053841776,-0.00141991610097227,0.501829839243097,-1.332488365203,-0.253332960669572,0.137071081694586,-0.00861822976776566,-0.00205997240694599,0.000113954997541557,-0.0751574340299088,93.3353255985387,0.0168494791085752,0.0116048086037578,-0.0010018300618259,-0.000446987098911901,1.32507395589727e-05,0.00538318700661184,39.0845875604418
-14.7794480361821,0.0830363586228046,-3.80883049170558,0.0848403329911509,-0.000218369410212975,-3.52176838730102,-993.818004443621,1.33773673957648,-0.00861822976776566,0.357781754944415,-0.00784855704987159,3.33634420331444e-05,0.310822261286281,-11.5613209111369,0.148969360148191,-0.00032237989231341,0.0297012186360632,-0.000582576017935843,-6.94734193541577e-06,0.0439738089022168,103.685589259935
-1.01570412124183,0.029679556558362,0.0908923999655637,-0.655423548865862,0.000497923234168817,2.41989487766122,568.218350248626,0.114737748787073,-0.00205997240694599,-0.00784855704987159,0.0613673020690935,-4.06408091414105e-05,-0.202367115649173,-82.8408762977523,0.0460973899085845,-0.000741346435347929,-0.00119612982273539,0.00516032588210037,-1.10526463137355e-05,-0.0269974221040985,-9.48990645989581
-0.31106537302918,-0.00103225569156037,-0.000936390340517813,0.000380002244467787,-0.00100111735019939,-0.0544721721852529,2.39526619815335,0.0379880280915477,0.000113954997541557,3.33634420331444e-05,-4.06408091414105e-05,9.39111737357525e-05,0.00721076389064136,0.119585017321053,-0.00156694412084679,-1.58005056352572e-06,4.99153469070186e-05,-3.32837788377715e-07,7.50847981336414e-06,-0.000839763272843745,0.79022645999097
-495.160420126578,1.22168464720219,-2.56843140313629,2.10637798763762,-0.0635498120274006,-6093.32660854539,16911.9912088597,42.69752931049,-0.0751574340299088,0.310822261286281,-0.202367115649173,0.00721076389064136,565.012198000002,8617.05915867412,9.76522174046339,-0.0114860730879887,-0.0220913518526654,-0.00774302740450105,-0.000701748254777489,51.6117425320739,-4256.73697603333
-96426.0724543853,-1410.62320041824,47.4739500063551,1023.24228162723,-16.0389258674877,-122209.829154438,-562632227.52092,14559.3413050685,93.3353255985387,-11.5613209111369,-82.8408762977523,0.119585017321053,8617.05915867412,235926620.810784,-683.448957386482,27.5878470747387,3.56575333802567,-19.5241491003041,0.737374729357731,2312.48600545652,-91292543.2011516
-5589.99954017703,-0.335767223268478,-1.93608167243075,-0.509554950667894,0.0195230582894653,-111.397334198494,-3746.38017948317,392.511738101573,0.0168494791085752,0.148969360148191,0.0460973899085845,-0.00156694412084679,9.76522174046339,-683.448957386482,129.912341741658,0.0108782179286763,0.030697300182759,0.00310798209310807,-0.000350232880904285,1.44517673110698,1180.06558143888
0.443466636482879,-0.161302233083489,0.00690975224444322,0.00816462996274652,-1.01821316343628e-05,0.139118746269819,4.12316419146245,-0.0598607932571174,0.0116048086037578,-0.00032237989231341,-0.000741346435347929,-1.58005056352572e-06,-0.0114860730879887,27.5878470747387,0.0108782179286763,0.00354776732690873,-0.000248311015459665,-5.24084440740417e-05,7.95161351393408e-07,-0.00386316688853071,-8.50502907967141
-1.91166599224877,0.0128849000654736,-0.431959201035553,0.0122575826531274,-0.000551060392369636,0.290174031627226,-312.941004189519,0.143235329251375,-0.0010018300618259,0.0297012186360632,-0.00119612982273539,4.99153469070186e-05,-0.0220913518526654,3.56575333802567,0.030697300182759,-0.000248311015459665,0.0103271982613917,-3.28831876937686e-05,7.40083522756021e-06,-0.00205962420428058,13.2261146032719
0.15935648497567,0.00529315030717347,0.00533446497596634,-0.0723547805253456,1.02208701883005e-05,0.0828513762623287,31.0604875428929,-0.0143047134875162,-0.000446987098911901,-0.000582576017935843,0.00516032588210037,-3.32837788377715e-07,-0.00774302740450105,-19.5241491003041,0.00310798209310807,-5.24084440740417e-05,-3.28831876937686e-05,0.00160973456670661,-7.68859239501829e-07,0.00143548937356584,6.63129749263365
-0.0164865143273323,-0.000122025887864023,-4.12403750054025e-05,0.000108174401139452,-0.000105501888769996,0.00766869891920965,-4.35267208283087,0.00251483909450152,1.32507395589727e-05,-6.94734193541577e-06,-1.10526463137355e-05,7.50847981336414e-06,-0.000701748254777489,0.737374729357731,-0.000350232880904285,7.95161351393408e-07,7.40083522756021e-06,-7.68859239501829e-07,2.34866296674201e-06,-6.00051356064252e-05,-0.0906197928624734
-55.621940552834,0.0141378217039408,-0.365901776027492,0.261959217617609,0.00856387319689028,-717.93989134603,4082.06949602634,4.51798947801387,0.00538318700661184,0.0439738089022168,-0.0269974221040985,-0.000839763272843745,51.6117425320739,2312.48600545652,1.44517673110698,-0.00386316688853071,-0.00205962420428058,0.00143548937356584,-6.00051356064252e-05,15.7165326428257,-1276.21826701458
29729.8254314162,-185.835901234557,-1249.34946638682,28.3342191466679,-5.44589083166983,59826.084434154,-85668234.3586909,-6010.70545155902,39.0845875604418,103.685589259935,-9.48990645989581,0.79022645999097,-4256.73697603333,-91292543.2011516,1180.06558143888,-8.50502907967141,13.2261146032719,6.63129749263365,-0.0906197928624734,-1276.21826701458,67622241.2362456
